2.992639837485004395e-01
1.777508905091865488e-01
1.989554811626082498e-01
5.741168524039098886e-02
7.784280981220360884e-02
3.201048776094135850e-01
1.143437300110957261e-01
1.194780688138365188e-01
1.680191263391390410e-01
1.971176166165980181e-01
2.601030598206099942e-01
9.437231785372049431e-02
3.188546825333132273e-01
3.223935602279148216e-01
6.891187737544070269e-02
3.949494568062720812e-01
9.952427240010408571e-02
8.405096017474711356e-02
6.175051005898264667e-02
9.057649177906969273e-02
1.849375891594267352e-01
9.653374715251675231e-02
2.002652618975016632e-02
8.541919085591913319e-02
2.709728215830603526e-01
1.101867727111164180e-01
1.293181993634460181e-01
1.601678765837181717e-01
9.734265861411034448e-02
4.589782614241648406e-02
1.028817102158222085e-01
1.693637689325457329e-01
1.469903943067671637e-01
9.181040588758689058e-02
8.479588282124542187e-02
9.132610146213634983e-02
1.249038327144234573e-01
8.314990170807064207e-02
1.641966711955727132e-01
8.305920747865365439e-02
2.377876727285758648e-02
7.707801371747428909e-02
1.380357660360434502e-01
1.137066405568201710e-01
8.319932147645439646e-02
9.104400663322158305e-02
7.123172335731500771e-02
1.153559443352253217e-01
2.668491858037046471e-01
1.040979489956559145e-01
8.360826850938525567e-02
8.846268007472339601e-02
5.944552926919264429e-02
1.029201662001648643e-01
1.581288939402751004e-01
4.628942038929153013e-01
8.319932147645439646e-02
9.245954399172016946e-02
9.752616332213678851e-02
1.657183261153300224e-01
1.067679114214646202e-01
1.380965319729690888e-01
8.346752851417757468e-02
1.459967410177084868e-01
1.275404813588891240e-01
1.068119428139738536e-01
1.064639500794200694e-01
9.182542430714071835e-02
1.832696222902090166e-01
2.328360080850900571e-01
1.307177927528527794e-01
9.654925048200424520e-02
2.647747515754365621e-01
2.162365109254269502e-01
8.265303724214649594e-02
5.854467666714248397e-02
9.205906251628095949e-02
9.182789774901092827e-02
2.466025439303522471e-01
5.677173686977796813e-02
1.282694842957626535e-01
1.187032761575481932e-01
8.854283220714269376e-02
1.454663022396183725e-01
1.297481366666812796e-01
1.754703880662586146e-01
1.705957502002188042e-01
1.243091870960150308e-01
9.629073309793309554e-02
1.608360426379356334e-01
1.417423258877003600e-01
9.104400663322158305e-02
5.250835907521336082e-02
6.347193180872458262e-02
8.642217186990494571e-02
6.650702667129003431e-02
1.306031516469385589e-01
8.455236379756848886e-02
1.075241313111331559e-01
7.018732839493289910e-02
1.903632328093234072e-01
4.028630989582874244e-01
2.727949623030292980e-01
1.018833676280333084e-01
9.104400663322158305e-02
1.067908869127333349e-01
1.279543058080911677e-01
2.042292558335077612e-01
1.283056491209183525e-01
6.017298677936931683e-02
9.459375230867500539e-02
1.226627748673178586e-01
1.233219635433398381e-01
8.674896343398777465e-02
1.278738092306668517e-01
2.271796460963497188e-01
1.741494046276846341e-01
7.780842266929280382e-02
7.509060544072670984e-02
3.641813283462204398e-02
2.443869729053167184e-01
5.718215481751517948e-02
1.383693357975982197e-01
1.049139963049122576e-01
8.091743139524189277e-02
1.201698770054211302e-01
6.643876510126704715e-02
2.463872904142795084e-01
1.039665917944083834e-01
1.372619454167190167e-01
3.204833047611101993e-01
3.228393053405823054e-01
8.906609590130136478e-02
7.399611547023622615e-02
3.672227620602532272e-01
8.360826850938525567e-02
7.713670367094672964e-02
7.766002845405835242e-02
3.183213818393501593e-01
2.739027859132446840e-01
9.385835238190254337e-02
5.320395758701922106e-02
4.527664603913148650e-02
3.033564816390483046e-02
6.990416566415465216e-02
6.336370810708299994e-02
1.033247672809989443e-01
8.078114121170870687e-02
5.399197208022234878e-02
2.313729378026168348e-01
8.360826850938525567e-02
7.923860629210076334e-02
2.573476953815326262e-01
9.234804683255296021e-02
5.852714580103839798e-02
7.702758232145280604e-02
9.168006746207361946e-02
9.394849631191903860e-02
1.010098962388043115e-01
6.840604064962718667e-02
3.559739642467111415e-02
1.091732325578571999e-01
8.970991302285859226e-02
6.548552949913019616e-02
9.355054622732614233e-02
7.354482736654327502e-02
1.037482321306993915e-01
7.090241717901271667e-02
1.656066369171146080e-01
1.069926219580188270e-01
7.599823770712869908e-02
2.040845123919260706e-01
6.259214005444163620e-02
8.975681352545966663e-02
1.896118920139120978e-01
1.087648545990321097e-01
8.053822390044346191e-02
4.163444306865471400e-02
1.102944892654480202e-01
8.421985822365128660e-02
6.685753397169875989e-02
9.963076216204537483e-02
7.700940816615631235e-02
1.037751239696605987e-01
7.356371951017628974e-02
8.437344524271633839e-02
8.965491631078773005e-02
1.307876395511377854e-01
8.758141562418855774e-02
1.026763991376925256e-01
1.173187511981415437e-01
8.777892744748687359e-02
1.554334618384104472e-01
8.589028937999271252e-02
4.824062724514983913e-02
1.029201662001648643e-01
2.562128559830694763e-01
2.623021537532127523e-01
1.545845955843787867e-01
1.072648139717615190e-01
8.600415904187944105e-02
9.793565993512549916e-02
2.933143351821775879e-01
9.183112398039532109e-02
6.876849288190299558e-02
7.076409967269199630e-02
7.698311367892085588e-02
1.438715403717110153e-01
2.030643079736657863e-01
8.192203724416033395e-02
1.136942732072130785e-01
8.186627430598060473e-02
1.929336247324328069e-01
1.263389667427947116e-01
2.881356018374047756e-01
2.718358609338318230e-02
1.636844638817125663e-01
2.297409054144824714e-01
3.587897247678393797e-01
1.241053970228446629e-01
1.364113708310070172e-01
4.137086615282436486e-01
1.169090251144702108e-01
7.131487201451681968e-02
3.940404882914842755e-02
4.855257105300999076e-01
4.982225288950069275e-02
1.335176284981884343e-01
1.181558811123061825e-01
7.106381354554368313e-02
1.222346169209662242e-01
7.737650579846408472e-02
3.392655630646314591e-01
1.410776040533185949e-01
7.592854338840723805e-02
3.680117616785945345e-02
2.166939586481649305e-01
9.881882602068058075e-02
2.467971616980598193e-01
1.599850469826593902e-01
8.513157364819268214e-02
1.747248478529284665e-01
3.706470438610050266e-02
4.734153807391706936e-02
7.672413718679638173e-02
4.790785604716941981e-02
7.552127013438574010e-02
5.667335304566496756e-02
5.867714991404000824e-02
5.369615264260861609e-02
8.994178830891313980e-02
1.209577171896852321e-01
3.734897343662265529e-02
1.405244653868931715e-01
2.030643079736657863e-01
1.444359937156595441e-01
1.465380611758192730e-01
7.766002845405835242e-02
7.452795881364977781e-02
9.943154225855571626e-02
6.747984392189489145e-02
7.070662674536559722e-02
8.636119115927158585e-02
1.294304435399035724e-01
5.511978440850875266e-02
1.194838319456077297e-01
7.754873449111993056e-02
1.556178045812845190e-01
9.429735921510455643e-02
1.185180198688796649e-01
1.100217656840826869e-01
8.541956091909265469e-02
3.431911123964548893e-01
1.404638917992336866e-01
8.926774671424873853e-02
1.997079033035674134e-01
2.485717566614410179e-01
5.741966934739649309e-02
8.246415933978686053e-02
8.445543212923461995e-02
6.296278078305063142e-01
4.008647311402185887e-02
2.615185310179430900e-01
7.522347175812942044e-02
6.618945407084991794e-02
1.471520391131816430e-01
7.768034028119663592e-02
1.617770393864995382e-01
8.880696174061364356e-02
2.486531976562479651e-01
3.113044009336584650e-01
8.983782497798742384e-02
3.329578797943016921e-01
7.700712502983902974e-02
5.508302612401291820e-02
7.296354094778520483e-02
7.301213408662420024e-02
6.164485151674455043e-02
3.858132550269046529e-02
1.262671801454112452e-01
9.586755056402142261e-02
9.697612668603458608e-02
1.233579983094576921e-01
2.435393985804072126e-01
1.252293320178174685e-01
3.717390064070590777e-02
9.093755533935683755e-02
1.623426721349791324e-01
6.096572350629603232e-02
3.214841952130123581e-01
7.024885029100738643e-02
1.016014022629472685e-01
1.721324292816791834e-01
7.264351523512646569e-02
1.527729062210266830e-01
1.306738941810879351e-01
7.777384271631367085e-02
9.104400663322158305e-02
2.578672928506570705e-01
7.839539136437070899e-02
1.312810629909142157e-01
1.133163371853983525e-01
8.445185291654930260e-02
1.435407668103624024e-01
9.862286078381495014e-02
2.237245007911569175e-02
9.934525223799998972e-02
7.301213408662420024e-02
1.175810047010091425e-01
8.406767557507677235e-02
1.039737699780094726e-01
1.279293757364004802e-01
9.801396198083515976e-02
8.464897960907048768e-02
1.116756314513596138e-01
9.104400663322158305e-02
1.425379956298657436e-01
6.231972832476906365e-02
2.026280455925341673e-01
9.104400663322158305e-02
9.583114412279876426e-02
1.162436888912332239e-01
1.120696346715075453e-01
8.449354411488961547e-02
1.208996860387076266e-01
3.007336592385729257e-01
1.414974313891635971e-01
2.609822287967010768e-01
8.098093624561972237e-02
8.594417749601306056e-02
1.258922559207795167e-01
8.504000429228078528e-02
2.808625151706203860e-01
8.019837733996942886e-02
7.544645781144898589e-02
1.057883910895071333e-01
5.773147169536023415e-02
5.175193719805770004e-02
9.089199133641441553e-02
9.104400663322158305e-02
4.858508939472002547e-02
1.194918560406979247e-01
4.560748136394784935e-02
8.784312082887338335e-02
9.333278645471423940e-02
1.156250859852689106e-01
9.104400663322158305e-02
9.104400663322158305e-02
9.445808493340465684e-02
1.149964490344272394e-01
1.122862850008883862e-01
9.104400663322158305e-02
1.336937516207498955e-01
1.017929695723645556e-01
8.061365831732669740e-02
1.019376876659709857e-01
1.165621732282288436e-01
1.781218389550709713e-01
9.814017597302271412e-02
1.818622320595498221e-01
8.226975577494813341e-02
8.218636927847305929e-02
1.130477678837162880e-01
6.998629882853733830e-02
9.788595690218433731e-02
1.382534409772736006e-01
1.087758466873145202e-01
6.826313511671545931e-02
9.104400663322158305e-02
4.012805628094296972e-01
8.162976722190325163e-02
1.122170437269953136e-01
9.756615523615214114e-02
8.605737484876091470e-02
6.855843427600362416e-02
9.185854948688722266e-02
1.541887549613235320e-01
6.887956743719900188e-02
8.564381046451773061e-02
1.873066093709960522e-01
1.731770304862322862e-01
9.920537653110368670e-02
1.193270252977494117e-01
7.113559857793012864e-02
1.416296561995287473e-01
9.461544373313866829e-02
7.111020046657338944e-02
1.054542743128881327e-01
1.043445584398752513e-01
1.523382892056047155e-01
9.191077689774851400e-02
7.635222370623849508e-02
1.806091262660143859e-01
1.050040241925722512e-01
8.765533954585189025e-02
1.683728449857773424e-01
9.696848575890776312e-02
1.067491375192791830e-01
8.129007525193110428e-02
1.527430927224162627e-01
9.104400663322158305e-02
8.852536829995552581e-02
2.477771796639684776e-01
9.019809878638111733e-02
9.104400663322158305e-02
2.187764228295014102e-01
7.660798507108806943e-02
8.305954240671617472e-02
7.089820356318013439e-02
5.803701963244819323e-02
8.709167655392917318e-02
1.397485796251886625e-01
1.545559119917614410e-01
1.811320388458300124e-01
7.308383352094416363e-02
9.027961376084525646e-02
1.827645142264830436e-01
1.492891580315198474e-01
1.151698415933172098e-01
9.337082962959185328e-02
1.075911305838151144e-01
7.544645781144898589e-02
9.563509819742678497e-02
7.344071394136419961e-02
8.370349265198931410e-02
1.196710231021479304e-01
5.708877849849698649e-02
1.755988696138869876e-01
6.381431315874051824e-02
9.104400663322158305e-02
1.861433619423139840e-01
6.571599708616379654e-02
2.255547640880839755e-01
1.418205980145188227e-01
2.386810748421890338e-01
7.040703102884052211e-02
9.104400663322158305e-02
1.804594843167058593e-01
3.930164366138356180e-01
1.244552601836712707e-01
1.424035716787592498e-01
9.539610913287135951e-02
3.671965856052310240e-02
1.622683318156053212e-01
1.541286711840322565e-01
1.372602885067958911e-01
9.325816886030316444e-02
1.748145398531208150e-01
1.748145398531208150e-01
5.571691115697594704e-02
1.991676129025293507e-01
5.588473916343518200e-01
1.818389046529675090e-01
9.037880147820614996e-02
2.743601070508234763e-01
2.084925857320957532e-01
1.218981772449181655e-01
1.251088497501836594e-01
7.541740432128209159e-02
5.044048585629486159e-02
7.583326579583513083e-02
6.205313668530992866e-02
1.078968751792374614e-01
9.104400663322158305e-02
6.622607241491089425e-02
9.104400663322158305e-02
1.416622981666575687e-01
9.224867992189647592e-02
1.885540066349853938e-01
9.159116895938576586e-02
9.529630988420269289e-02
4.744727371119625975e-02
5.915429378862471776e-02
1.124865653028001289e-01
1.288559037604936064e-01
1.426414774001031616e-01
9.525021193339375247e-02
1.454871917933605596e-01
9.104400663322158305e-02
8.869054736816453510e-02
1.426414774001031616e-01
8.356923316724067241e-02
1.032318819974676061e-01
2.470820407817910652e-02
8.701933443733630980e-02
9.228541114300688186e-02
9.422181634781852388e-02
9.065818946775548726e-02
1.460849352176497307e-01
7.297127494983021712e-02
9.933371392739066830e-02
8.903895357507862762e-02
2.435568264472680322e-01
1.527696254949623134e-01
9.477361814417402386e-02
8.163136651189339954e-02
7.410091397259151169e-02
1.335852925569346872e-01
1.212474722212499439e-01
8.793380564467685734e-02
9.139224641396261062e-02
1.951785714784218806e-01
5.430348003805175738e-02
1.029201662001648643e-01
9.104400663322158305e-02
1.070268068332329431e-01
9.723910328681510673e-02
5.243117159304467451e-02
1.287248304537857990e-01
1.718304318683917808e-01
9.478455865711066242e-02
9.360458802067747608e-02
2.799239834382921677e-01
1.204384152559071219e-01
1.115754406536887122e-01
3.729664321570817509e-01
1.283549254512991455e-01
1.169729223964175724e-01
1.215605264486855769e-01
9.863643103540636892e-02
1.229966165160456815e-01
1.194153142718298588e-01
1.864145767518956831e-01
1.246600292194506576e-01
1.304334928254649029e-01
2.874991864155833632e-01
4.512769505354584376e-02
7.301213408662420024e-02
1.381131673931791093e-01
3.189673368799715303e-01
9.890008017911319782e-02
1.609178361952522396e-01
7.356371951017628974e-02
8.272143744876646332e-02
1.485287343052091313e-01
5.176713676187722629e-02
1.472590533946988023e-01
1.395621661524641677e-01
8.360826850938525567e-02
4.525804833491325896e-01
1.321081283447542720e-01
8.180676676027562322e-02
6.770046036415663937e-02
1.392119233196974226e-01
7.010502905978199806e-02
1.050649933709347367e-01
1.262911516581211591e-01
1.137092161963980802e-01
9.531611515180181404e-02
8.308089425963145758e-02
7.144938190664389122e-02
1.442707527319922745e-01
8.322769097487901779e-02
7.615355662794523472e-02
1.343644292237274884e-01
3.442896190994856331e-01
1.265923216888399649e-01
1.165060470554148131e-01
8.040750107580647843e-02
8.579606706351657064e-02
7.063200639925266977e-02
6.760999643633749945e-02
1.278442353529015141e-01
6.578583185653408272e-02
1.258936624692851003e-01
1.453045881509279214e-01
9.605356912060492025e-02
7.675060307845409102e-02
6.796401856054977431e-02
1.696101672618236522e-01
8.597446871153263670e-02
2.651690318307297137e-02
6.168868804546619872e-02
1.642700119287243687e-01
1.549566239639969256e-01
6.843639476902471652e-02
1.100217656840826869e-01
4.258956064904606542e-01
1.325762559053847989e-01
1.139290373623156744e-01
9.570832946835597377e-02
4.641482879902667502e-01
9.110239668476882713e-02
8.906558675647367751e-02
9.104400663322158305e-02
9.975835670749505502e-02
3.710002536743584600e-01
5.492612205109245194e-01
1.414225009398330513e-01
1.307934135536829856e-01
6.201919926842326680e-02
1.076935259452301563e-01
7.852439259219540224e-02
7.202837754798351033e-02
5.829316612937698872e-02
9.797550046115527378e-02
1.627893164508238955e-01
1.067264219817227189e-01
6.622737858309712955e-02
4.422227448725549875e-02
1.448294704983321413e-01
8.795927242952830682e-02
2.675345922296113593e-02
1.340595188980487074e-01
9.550589946623075366e-02
6.527141014332882296e-02
2.166987574259189309e-01
9.150271171266485815e-02
7.255101089778100143e-02
1.200824593933209616e-01
8.296095927215707544e-02
1.100041423974555121e-01
9.468301531339518018e-02
2.043013830610029835e-01
1.240870882418681209e-01
7.022335532976965722e-02
9.872950738120318814e-02
4.913731058349249392e-02
8.177193534687916820e-02
9.600824907648469742e-02
1.891971241536483384e-01
7.123172335731500771e-02
1.082979466211438785e-01
1.363409394359796911e-01
9.708896237148563479e-02
1.320249443766136344e-01
1.580618212326233007e-01
7.766002845405835242e-02
4.375491611696238903e-01
5.141330028062258695e-01
2.682907453214567473e-01
5.397986253588071826e-01
3.077836294946919571e-01
4.139051968687027516e-01
1.372003223651192816e-01
1.325565314116853854e-01
4.020055273130062057e-01
2.529522828584087613e-01
3.536707712672358950e-01
5.721692168353755825e-01
7.565496906492055751e-02
3.053322117484887910e-01
2.728584690212853547e-01
7.476909523799046831e-02
1.995064487529759067e-01
2.681772732566262141e-01
1.105695179313214427e-01
1.311921420218184753e-01
1.439774557913348629e-01
2.715310016444771324e-01
1.872400164039635106e-01
7.169775517065957171e-02
1.284744742586249322e-01
5.789655191659295874e-02
7.642395131612711445e-02
1.982586788087569718e-01
8.505637334164559138e-02
1.435212869501772681e-01
3.162825111526633148e-01
7.077659848306240564e-02
4.143572982757354750e-01
3.899226225479610064e-01
8.956944811790971961e-02
1.008654015788024161e-01
5.960398389282275250e-02
9.232367765658711090e-02
1.211407042905180559e-01
3.081610778102615925e-02
1.158924673312433651e-01
7.638544957897241972e-02
9.675383922566357930e-02
8.404638984139456426e-02
7.057735254082680987e-02
1.130836478825507363e-01
2.937499683948003315e-01
2.274219779329904045e-01
2.680325522317441589e-01
4.028211210122168984e-01
4.457781586500304538e-01
2.406961776936746011e-01
3.405823363443186147e-01
4.488948845567707902e-01
3.118739808707876038e-01
7.973497098188189747e-02
2.798823767595560730e-01
1.202215153641536804e-01
6.323255607356587094e-02
1.108421020533413709e-01
3.884436957906428622e-01
5.104480568349393371e-02
2.919710620755870401e-01
7.985980607354417615e-02
1.011475234898457504e-01
8.599956605530750808e-02
8.692691108358314989e-02
6.915878979070066990e-02
9.205967198526270046e-02
1.396563222340467258e-01
1.263813088499000648e-01
5.778478050399290383e-02
9.522547164902417371e-02
7.684686271825627579e-02
1.095175258225946913e-01
9.980788521069020036e-02
4.650068051558826215e-02
9.089199133641441553e-02
7.637103653829170613e-02
8.213073843836002363e-02
8.241055767682405053e-02
6.395403990739509381e-02
6.856073816161933898e-02
2.242948250285803913e-01
1.044557093104380302e-01
8.034920320686203543e-02
9.449393664627978029e-02
8.614912514623870865e-02
8.668021366284341112e-02
7.509967686986608604e-02
1.051187197622314995e-01
8.679444787011866835e-02
6.675788615341220200e-02
2.511598555394311538e-01
1.183064039667885287e-01
6.936397590311316197e-02
4.381534658064898530e-02
1.958267500279905204e-01
8.246123967050175696e-02
8.678799679354397278e-02
8.075231050113866604e-02
6.427265567615463027e-02
1.045955272899614791e-01
9.104400663322158305e-02
1.537314748603671455e-01
1.083168619500987639e-01
5.172380844852869641e-02
9.400188720868336845e-02
1.076163724424780976e-01
6.456560258374546835e-02
1.061189896647971032e-01
1.040160337987868916e-01
1.234912304980831516e-01
1.636226734474855171e-01
1.046330653527491605e-01
1.031696817873958422e-01
6.668981993796069263e-02
5.820906303663406917e-02
7.188597665482233945e-02
1.227209855508122061e-01
9.060228555237458126e-02
1.062515823014750782e-01
7.440161681794200954e-02
4.770902126665504950e-02
1.725433229662327594e-01
8.640602685969177299e-02
9.355826906856752612e-02
8.165482770397088086e-02
5.846526099186814124e-02
1.004803254574066496e-01
1.955883030566995529e-01
7.829243215638811981e-02
9.712568455354322894e-02
4.347402229652624905e-02
7.889412985432435466e-02
1.166321837786924026e-01
2.111836851997475062e-01
1.179713355395066443e-01
8.129726784076911350e-02
6.817926482475698824e-02
1.293560187955849483e-01
1.292521129437530503e-01
1.904386121778937901e-01
8.155318034253043746e-02
4.656442538494164063e-02
7.661221683726848752e-02
1.088353801641721713e-01
1.015719694705609771e-01
4.911949095055874459e-02
1.934269440244883731e-01
7.439563353235098542e-02
1.177098080711092426e-01
9.104400663322158305e-02
1.058828756011003513e-01
1.228701947186369298e-01
1.640154501824559463e-01
9.126916107188702554e-02
2.559672993202883884e-01
1.882150149783314852e-01
1.002800054983152556e-01
8.912032055424334853e-02
6.543169694796945046e-02
1.327396455491819116e-01
9.054104830229398049e-02
6.766197424356552859e-02
4.867517714910026688e-02
1.344968100903466135e-01
9.826647646496612654e-02
1.122722733244066323e-01
6.803484665580759871e-02
1.168339478801034836e-01
8.185856109962788563e-02
8.835618664682957923e-02
9.585640895995557742e-02
2.849426249296267422e-01
1.367882781092332745e-01
7.566997757224752652e-02
8.100063106485894115e-02
1.383703012228265361e-01
1.076734034681592345e-01
5.247795299763902133e-02
1.162701164556675243e-01
1.561619810100728645e-01
1.475695614076559803e-01
1.419673425514161591e-01
9.511036765668164084e-02
5.974562718683518875e-02
6.389002137240504253e-02
1.344317068064509735e-01
1.095158325022151796e-01
9.204174749492197161e-02
9.334885623916380770e-02
8.624388400542300215e-02
1.384831728770401782e-01
9.282198521323981044e-02
1.256518867627461067e-01
8.861487416119655236e-02
9.408058023552846871e-02
5.245788992073156104e-02
1.355984039601842439e-01
1.170886243975861191e-01
1.252633622010346781e-01
7.779339743100653626e-02
7.757227309722457276e-02
1.453494316415956944e-01
1.691958822367851112e-01
1.114088478514918268e-01
1.228504426704694480e-01
7.565369374200962838e-02
1.219774891360084768e-01
7.522770645435621073e-02
2.558241776876448922e-02
1.462488056215372201e-01
5.610381314747214104e-02
8.428818974173898915e-02
5.819949380571991238e-02
1.338265334712052390e-01
1.312223837378783398e-01
1.441608104173130178e-01
1.912526212422056837e-01
1.137542759210562471e-01
2.118742036694413466e-01
2.036107313836050259e-01
1.404527611504373663e-01
7.493657938709535893e-02
1.305745358417302882e-01
1.027817137791688790e-01
1.045778173090383401e-01
2.627695605488402641e-01
9.312215022687957144e-02
1.224742010818289095e-01
1.365350292169162649e-01
9.098284530553828187e-02
1.300086238351181311e-01
1.113544517609463685e-01
1.261851716948915736e-01
8.740732770413545127e-02
2.519064642182318181e-01
9.465290754218093350e-02
1.029664087018260094e-01
7.799434493859225270e-02
1.270405377338291175e-01
2.058332688782712472e-01
9.275567385398346409e-02
1.021534502512859710e-01
5.033358491300868875e-01
1.020120971975894408e-01
1.725685245636778276e-01
1.646846854614975875e-01
8.171355683440573170e-02
2.180693913299486253e-01
9.073108620223781229e-02
8.002922299812889606e-02
8.846268007472339601e-02
8.751815994477082916e-02
8.488291498534121515e-02
1.102454391128146471e-01
8.811969411705423971e-02
7.766002845405835242e-02
3.156699421108240255e-02
4.165089871355832918e-02
6.881726010706047669e-02
9.104400663322158305e-02
9.546528830815950717e-02
1.493004744717210674e-01
9.474250103925331568e-02
5.427383347103265782e-02
7.527841556670077094e-02
9.920537653110368670e-02
1.758420259341338387e-01
5.164848121533573838e-02
1.140501436726700929e-01
6.824341590750536424e-02
9.217651784913856450e-02
7.638471090433797406e-02
3.145784994279834240e-02
1.245788043384585125e-01
4.245490759811056808e-02
1.444631370502470202e-01
1.646543762191590987e-01
8.251060505749926999e-02
1.200157597609413235e-01
1.488926470745844527e-02
1.167340028684006048e-01
1.122100559201665015e-01
6.979172536165061114e-02
5.480255849720393896e-02
7.446703186595018953e-02
9.104400663322158305e-02
7.958978768883002985e-02
8.072729162318899310e-02
2.521406765374111236e-01
6.203192069624979821e-02
4.793991539992942946e-02
1.579330422638050013e-01
1.150525323839139413e-01
8.805122454171081248e-02
9.419853586858994987e-02
5.815015800588874822e-02
1.859962655318337099e-01
5.247779407332447965e-02
1.451640260433127716e-01
1.025045503679208048e-01
9.193720501847930937e-02
1.566178360160115079e-01
9.789585931926869655e-02
8.674896343398777465e-02
1.114728399871092734e-01
1.162649864400360639e-01
1.188220363021681436e-01
5.978852177367225545e-02
9.579421037059920874e-02
5.592000312547577151e-02
1.181148587351925489e-01
2.572066136298161582e-02
1.029201662001648643e-01
5.918832963010774856e-02
1.012014104868023956e-01
1.421296519597801955e-01
9.585273774702772476e-02
5.257712669777197395e-02
1.015436752726495279e-01
8.812221514228395225e-02
4.663124904286199135e-02
1.255474977812888193e-01
8.691533726262357096e-02
1.029201662001648643e-01
9.878640084218300033e-02
1.343364766873834937e-01
5.903745581749392929e-02
8.140868370377882246e-02
1.532484748892394832e-01
7.225198963650245054e-02
7.223312355679210872e-02
1.480035029225722498e-01
2.672442683344227188e-01
6.036579114188319467e-02
1.169034912976306129e-01
5.322561469018763369e-02
4.679076503908883439e-02
1.461180288035839880e-01
6.361162467744378712e-02
1.987050339800834897e-01
1.114166439733189073e-01
9.300828953352692496e-02
2.455181922453559817e-01
4.187146874416031866e-02
2.074285965090999495e-01
1.199650971276306627e-01
6.650418231206735309e-02
9.780975172998271350e-02
8.656368628883891192e-02
1.040414377464134316e-01
9.121320675306757164e-02
1.153559443352253217e-01
1.137066405568201710e-01
1.251553550877501086e-01
7.115662419314151832e-02
9.682274978796019671e-02
9.422958571650254245e-02
1.378666487344988312e-01
6.826098415890702320e-02
1.267464613888648339e-01
8.304750984374979772e-02
1.257851239810905408e-01
6.821500433302928046e-02
7.984322659364215258e-02
7.621123034583804357e-02
2.330670616985575094e-01
1.029201662001648643e-01
9.971379900784133055e-02
9.675196195957601331e-02
1.217669096154450209e-01
9.842265120268825496e-02
7.356371951017628974e-02
1.029201662001648643e-01
7.125048375467306350e-02
5.418705509532783376e-02
1.977237501123791097e-01
8.162045117644683989e-02
9.601531199816944195e-02
4.911529642049627942e-02
4.478630380462307603e-02
1.299455155697581965e-01
8.172651923055747336e-02
9.104400663322158305e-02
1.211057316209764034e-01
7.553964270360000177e-02
1.029201662001648643e-01
1.074137889460726747e-01
1.031685172508916837e-01
6.225450653910556686e-02
8.018430646464165534e-02
1.191059858790502052e-01
1.271262772553422571e-01
1.106218417021570533e-01
9.214996863703854568e-02
8.844951501997179444e-02
1.131348557586040332e-01
2.264576270195287344e-01
9.906616389204159212e-02
1.471205832244384948e-01
1.364041087656743534e-01
1.193556246044727015e-01
1.735713119628683465e-01
3.000359970543839405e-02
2.850400343174862017e-01
7.043201859536320220e-02
2.262095138574974351e-01
1.007690863931453157e-01
6.596481797848768869e-02
1.331452112242664798e-01
3.849078333567094307e-02
8.018430646464165534e-02
1.060248978793091462e-01
1.515048933827276567e-01
3.269621589948817908e-02
1.294592990336770055e-01
3.628157417674143237e-01
1.724822037604556157e-01
6.313094834102711550e-02
1.038501349080514641e-01
4.925209657023356391e-02
1.409657731400047187e-01
1.101988326118500672e-01
8.818874187842461188e-02
8.677657037851729815e-02
8.386404672175261366e-02
3.008576088204786836e-02
8.199785835404548029e-02
8.812221514228395225e-02
7.501102525961711454e-02
1.452577857070572742e-01
1.673410976851860688e-01
1.061554080610240397e-01
5.592829673561122011e-02
9.014227111043750240e-02
1.557651572234129700e-01
6.102821861560486089e-02
5.703315879115859743e-02
1.705993312108513571e-01
1.604855951204155473e-01
1.127864890448021379e-01
8.808894240755288374e-02
1.176889748527906870e-01
5.756015405588957995e-02
9.531967960231656212e-02
8.639626336837469278e-02
1.657487512011329434e-01
1.582597688118612123e-01
8.573792063335131108e-02
9.080111568062831928e-02
1.287031075690918402e-01
1.074609271934861693e-01
6.767606471026713089e-02
1.029372764153686504e-01
7.747006284656704489e-02
8.812221514228395225e-02
6.346914364844778722e-02
1.681784371411571555e-01
1.331018665197294670e-01
1.180136358521183260e-01
3.556671295791757892e-01
1.644775427883610752e-01
9.916769806857682334e-02
1.094439190301759735e-01
2.545047130134531765e-01
5.965883531114819782e-02
2.283308084524353909e-01
6.231972832476906365e-02
7.197199229412622190e-02
1.307275066867621682e-01
6.368607639341967996e-02
7.860378966710646065e-02
5.264111831199359826e-02
1.281362707465384387e-01
1.207390494146413640e-01
1.964422601061106277e-01
1.409935481999548823e-01
9.313467512894417488e-02
1.429582189762704791e-01
1.364336796232437365e-01
1.693842104659306902e-01
1.044985586297118990e-01
9.747903216499957668e-02
8.317530254434432613e-02
8.417605605846034678e-02
1.166080338915735648e-01
3.655818964057979126e-01
1.419939847392681642e-01
1.024567517701755609e-01
4.119591411196096148e-02
8.567652703828435024e-02
1.087457533385169650e-01
8.342814444661038331e-02
7.112893130940557695e-02
6.686572773861025609e-02
1.037552015172792663e-01
1.197934441828770458e-01
1.847160470724110992e-01
8.549863783212176271e-02
8.947110070880169574e-02
1.040190368065165433e-01
6.697667857180536477e-02
9.769650755245726237e-02
8.840542730186186360e-02
9.183173116070726671e-02
9.961731893369828172e-02
1.021830370205857319e-01
1.894609846898005767e-01
9.205967198526270046e-02
2.843626715579573028e-01
2.148871795214387925e-01
1.655007927781462218e-01
8.456103725298297347e-02
1.040544718120859635e-01
9.511036765668164084e-02
7.106478778266919760e-02
1.581861451251647122e-01
1.127185766718057786e-01
7.069270422683709976e-02
1.086776374549907331e-01
1.746497727479816575e-01
1.600630000357519678e-01
9.398072737692046708e-02
9.132672144113296309e-02
1.827290524078813427e-01
8.716008341832745532e-02
8.984694156751286964e-02
8.233754537707176080e-02
7.764388753960782541e-02
9.688608127624702415e-02
4.610788399812813798e-02
6.938617035551758461e-02
1.264044623021147173e-01
7.768034028119663592e-02
1.051441516890697786e-01
1.241894014624329023e-01
7.824068712068155129e-02
1.751756761338233714e-01
9.384390213070170628e-02
6.959742565820235816e-02
8.319932147645439646e-02
8.419280041897524158e-02
1.015710256842586590e-01
7.493946674302921773e-02
9.809883180702834438e-02
7.997712318121587283e-02
8.600173296598449812e-02
8.875364938777469126e-02
9.612777737959295188e-02
6.652265343352777027e-02
3.553372305037529322e-01
2.996787328775404324e-01
1.267245835502832096e-01
7.021089161378210597e-02
5.417738946736948280e-02
8.693423777383220419e-02
1.114695603358602238e-01
2.711019900563871668e-02
1.043153882710144836e-01
1.132089113668520441e-01
9.315036169782164865e-02
1.141438963565008513e-01
1.337204575718188015e-01
4.612229430031279664e-02
8.306412365756593585e-02
1.593175306717299067e-01
5.464611144780545660e-02
3.241075362515582481e-01
1.899848100194728162e-01
9.104400663322158305e-02
1.299500581730282933e-01
7.307565950341818328e-02
9.230868775913328439e-02
7.766002845405835242e-02
1.152294864866924423e-01
1.809904369838843119e-01
6.009558556455715100e-02
2.259209526062835871e-01
7.184166680818494799e-02
1.388641882195376376e-01
4.348841203269135924e-01
1.605681775087271501e-01
1.430389100845228800e-01
9.278543105338978025e-02
3.185332382179765220e-01
4.449234350503171176e-01
9.755955181284126088e-02
4.701227438169297002e-01
1.319718494858222457e-01
1.164208045419140719e-01
1.785737554065720545e-01
1.542417078474767889e-01
1.105591305323433970e-01
2.185196645993593145e-01
1.019133482971664173e-01
9.171803682155572901e-02
9.104400663322158305e-02
1.128554192217998964e-01
9.104400663322158305e-02
5.148085417006049297e-02
1.050040241925722512e-01
3.195456961929196149e-01
8.014978992636860589e-02
5.085424311028673844e-02
9.594890511033551950e-02
1.460624386804242059e-01
6.256692343916947507e-02
4.344294383552435579e-02
6.933549159755826585e-02
2.816962801594388721e-01
1.295645746104110707e-01
8.319932147645439646e-02
4.385179010413672168e-02
2.661793551709726868e-01
9.071291365006886598e-02
2.356212047975454749e-01
2.258672764718544224e-01
3.228399951857132688e-01
9.089199133641441553e-02
1.251666026483574667e-01
1.313370367477565970e-01
9.580957631131814534e-02
6.827570217542162923e-02
3.732102985678589085e-02
1.611815113024488988e-01
2.087153095458499641e-01
9.104400663322158305e-02
2.610799310784024940e-01
7.881584115090524423e-02
7.401022733977573320e-02
8.945047342049296246e-02
1.296716300768075703e-01
3.153845543889159386e-01
6.388037318135580955e-02
1.550906906792662576e-01
7.948991924264360576e-02
1.798911163733008800e-01
2.833970257399121007e-01
1.007470764984513545e-01
1.108558344522120875e-01
8.545133618278143162e-02
7.442275632411513020e-02
7.343853276111311779e-02
1.852275792258588072e-01
8.422579598273902124e-02
9.570832946835597377e-02
1.419950271391195729e-01
7.953764818078902510e-02
1.237639158195747435e-01
1.997477438690916096e-01
1.136928439328705187e-01
5.691280985231588208e-01
1.129571918068432851e-01
1.039130535560445490e-01
9.089199133641441553e-02
1.231032632910167013e-01
4.896833460417458483e-01
1.814657936010986294e-01
1.935695905638172565e-01
3.145306959800576729e-01
2.504381001564310871e-01
1.193263511878931704e-01
8.181430327679768688e-02
2.998923416238737372e-01
1.171412269353504232e-01
8.439156018396683223e-02
1.169321448879949571e-01
2.132813553867599632e-01
1.898691635379098075e-01
1.295865485778163462e-01
1.680939803710615743e-01
1.830345803119053372e-01
1.237088424795580455e-01
8.772807639234113386e-02
1.516883734898728242e-01
8.346752851417757468e-02
3.197115303698527811e-01
1.839718878572159655e-01
2.992880190487561820e-01
1.058577931729662858e-01
6.552761980257659769e-02
6.177633726388275653e-02
2.080313839308106649e-01
2.482027982324440385e-01
7.470561498768478470e-02
2.948188153983893334e-01
2.189867462884564631e-01
8.444720691907113552e-02
2.973480851791199808e-01
1.084287895229532200e-01
1.092869075825566166e-01
1.967735296956605318e-01
1.433617570281082998e-01
8.346752851417757468e-02
8.346752851417757468e-02
1.676216748348778596e-01
7.195801653104363926e-02
6.190396048684452396e-02
5.818364894797545955e-02
1.087860964448279510e-01
9.704723166539074020e-02
4.787798324431696145e-02
1.299640166734797320e-01
8.387003369930899621e-02
8.939282264856510118e-02
3.012015167681157402e-01
2.046473459677942142e-01
1.333217236337680134e-01
1.446843014080552714e-01
9.259041653986836706e-02
9.565327739877589608e-02
6.069458197466419402e-02
6.748223362192394548e-02
1.073455996343434110e-01
1.191148193137406830e-01
6.607850793185578164e-02
1.023802968372201222e-01
4.886673429215234593e-02
1.312787005679107999e-01
6.831049604241018480e-02
1.528145518435665602e-02
4.770076718710306030e-02
5.399473915892339521e-02
2.976122428435526990e-01
2.952827418751811095e-01
1.037844147273256634e-01
1.779254427414104223e-01
7.010613255101934282e-02
1.054841168797264056e-01
6.172632500278318196e-02
1.059777165329176124e-01
6.097079339738991494e-02
1.030137337322114821e-01
1.264110532894835437e-01
1.227717096319341089e-01
1.054391483363780191e-01
7.773096183292196870e-02
1.774060106390595859e-01
1.076075023962400762e-01
1.376915718949525691e-01
9.004677655190763963e-02
9.463405714102515742e-02
1.164492596662709822e-01
9.426475379080910544e-02
6.958093162371425944e-02
1.190757580928524656e-01
1.307045551547621198e-01
1.339896938011030658e-01
1.123011495892291545e-01
1.064648404799934667e-01
1.827734355991327553e-01
5.653212884583470876e-02
1.005159099831511166e-01
7.944154048163076798e-02
1.549507556672513331e-01
8.645365344159522403e-02
7.723498156518605884e-02
3.180109837618507740e-01
8.850507056513072512e-02
1.594742981267567861e-01
1.590757634350445093e-01
6.223026468701566699e-02
8.852358013849738472e-02
9.261625533683678912e-02
8.680243766231497682e-02
1.971170727349996488e-01
1.040948508613339096e-01
1.132431885501592600e-01
9.088430440836495205e-02
9.742881663273533777e-02
1.052899088192353616e-01
1.037492044438326905e-01
8.961751765254744040e-02
7.527920301650369017e-02
2.244351591851831973e-01
9.235477608702664931e-02
5.379094753710672583e-02
1.394088659307056999e-01
2.059165275014093466e-01
3.526873391962537241e-01
1.250280890925598853e-01
8.407241237318366367e-02
2.206687940761196676e-01
1.096067603457106798e-01
4.852210172242597819e-02
6.802962771457016222e-02
1.131715401654256187e-01
1.113186291718226001e-01
9.263634033582640592e-02
9.396968628475398100e-02
2.087978229355968718e-01
2.459602228869290086e-01
4.195294543524756559e-02
4.721844642091237165e-02
9.609781650583737456e-02
1.599544517677400080e-01
7.171145105451401380e-02
1.046330653527491605e-01
1.029201662001648643e-01
1.250741775547437595e-01
4.405743996158556497e-01
3.068431157141635612e-01
4.177036118200297410e-01
2.028496500512533551e-01
1.616574630561587733e-01
2.558087635575362895e-01
1.504500612021424377e-01
1.554482694295425682e-01
1.013796168335520526e-01
5.631039853917219756e-02
1.130522884888099516e-01
7.472982066431335668e-02
1.086151249002130781e-01
9.104400663322158305e-02
4.216982369371001516e-02
9.558420801395968447e-02
8.491899702824368124e-02
8.721404286936745853e-02
1.466917473790305959e-01
8.200292155287443319e-02
2.068856847189366743e-01
1.100024760504577370e-01
1.666648630068273129e-01
1.242121816660173850e-01
8.017145217640238297e-02
1.107279546176767465e-01
8.322490192728612679e-02
7.466408172943561627e-02
1.387726235520750639e-01
1.162269727145498477e-01
1.089581816915494161e-01
3.040942243530894706e-01
9.060228555237458126e-02
6.978693159889592934e-02
4.228900985456703759e-02
9.636909865787179896e-02
9.661393284985975161e-02
2.574653844697580296e-01
1.040380563844541389e-01
1.235350702761986719e-01
1.239193459979754247e-01
9.148397822355273934e-02
6.930548160176248917e-02
2.943495636292829398e-01
1.385307766683477604e-01
1.096480043639662533e-01
7.869112607347412969e-02
3.101029028861279971e-02
8.185182648055022714e-02
4.804681362237558928e-02
9.307259249679317170e-02
2.044600503688371040e-01
1.956135490040290525e-01
7.768034028119663592e-02
7.713465543972757021e-02
1.458293365904808347e-01
1.469700739507480980e-01
3.601370172664168645e-02
5.655661130717630491e-02
1.190585367786586024e-01
7.299290731762091144e-02
3.682541324996156662e-02
8.779043935979947977e-02
8.877390265550437476e-02
1.891457034041370833e-01
1.798645742720940688e-01
6.970751391390386797e-02
3.073614436218378293e-02
7.130958200127991697e-02
4.529719595663698334e-02
9.046558152388732565e-02
6.778996619454553951e-02
2.323228403783563767e-01
2.042292558335077612e-01
9.932835069838981401e-02
7.766002845405835242e-02
9.104400663322158305e-02
2.172856699065362218e-01
9.768207846809118244e-02
8.476675098040405143e-02
6.795811463007049580e-02
9.641046441036829617e-02
1.086351574286137794e-01
6.646791621122810634e-02
8.675923911202086669e-02
6.854486063338631474e-02
6.146125761016468791e-02
4.040553244113796044e-02
7.342455077407965269e-02
8.201273518728090239e-02
1.168822239894801301e-01
8.074717174619508442e-02
3.752574502079546181e-02
1.135924936445800726e-01
1.955099368283630679e-01
1.500450841962002735e-01
7.254084081731289324e-02
6.547618849888146852e-02
8.132438687811990863e-02
1.112306529789081622e-01
1.319918799012504418e-01
3.111030605129839338e-02
2.255557717305290560e-02
2.681498940817705345e-01
9.859170224986020525e-02
1.417934417366521205e-01
7.938265259890114889e-02
1.074137889460726747e-01
9.926307554832790314e-02
8.616347197347661024e-02
8.504951230882293323e-02
8.818446625238965386e-02
5.056548988232040936e-02
9.398200729665079356e-02
1.060792842622157728e-01
5.448979324064739255e-02
6.524289634192959042e-02
7.983299260376178208e-02
3.274139558197524114e-01
2.299915930556527544e-01
9.235904965719747561e-02
8.636479429724999712e-02
1.009978831897090645e-01
5.659389193044494365e-02
1.137066405568201710e-01
7.605823776310140227e-02
1.290006171227602583e-01
6.566793129883025104e-02
7.020240314204585774e-02
8.008582081536294583e-02
1.392623447211039922e-01
8.440008816788817370e-02
5.983808253713480269e-02
1.095983558255472085e-01
1.098356792445707858e-01
1.154461670627722619e-01
5.897756371150456034e-02
1.081711801170531229e-01
4.083643017033206091e-02
4.573603109695355273e-02
9.104400663322158305e-02
8.439134030296534250e-02
8.541217290667225959e-02
7.450850951237794617e-02
1.867447402742848095e-01
7.553524660037243266e-02
5.023501058937144409e-02
7.125048375467306350e-02
5.467849593033929229e-02
6.410200863442465369e-02
7.021634468242557436e-02
7.215540878866533170e-02
1.045597582446372714e-01
9.710977030336809257e-02
7.113656733240698860e-02
2.844073242898366161e-01
1.899280138649101779e-01
1.270269382702095828e-01
9.566675784681127892e-02
8.945989884522512203e-02
7.521394746932828779e-02
9.246022136541116876e-02
1.015934719957925780e-01
2.338556810617178350e-01
6.518893611247902897e-02
3.390216446133143546e-01
1.198952500458140558e-01
7.866989462518653164e-02
1.046330653527491605e-01
8.747591119838786511e-02
1.298640639459624768e-01
2.758214053758166126e-02
9.912190493350070408e-02
4.304157712528240004e-02
1.374848158904471151e-01
1.090015631306441996e-01
3.002419648103649696e-01
9.140274660090204339e-02
6.887998298106207118e-02
8.462516844730387511e-02
1.022588382587962391e-01
9.896342906125313310e-02
9.735084589076896389e-02
1.915433730549158386e-01
2.139146412313025214e-01
3.942534091181605360e-01
8.602054688636726065e-02
1.207181572483269905e-01
1.275749935462685558e-01
6.756977490698094779e-02
9.670730039483771412e-02
2.908663438989331218e-01
3.993101583518258307e-02
1.550538912512459400e-01
6.545340063567073319e-02
1.116773483501579539e-01
1.001731490873754571e-01
9.104400663322158305e-02
7.608693133718573420e-02
8.326778955645888769e-02
3.623820464350524517e-02
7.237623648304705726e-02
3.517281058263712068e-01
1.018948204602688340e-01
1.001889699817857388e-01
6.509893253874063368e-02
9.806300517710059284e-02
6.937132578057772503e-02
5.156719821649316526e-02
1.295980142499229271e-01
1.161992458960200564e-01
9.475249574821469067e-02
8.305954240671617472e-02
1.060086333544744269e-01
1.224589519815098282e-01
6.192498304716106960e-02
1.124527636543550813e-01
1.993411357998668698e-01
4.773090930079432193e-01
1.025711711738664100e-01
1.105873982896273255e-01
9.705278265124814285e-02
1.407959710916472373e-01
2.149420730008792246e-01
8.635755310853901467e-02
1.083519945656948313e-01
2.484036400321310012e-01
1.494205024883509536e-01
6.944661088755897660e-02
7.584294018518994429e-02
9.900679584700423919e-02
1.071050097794433026e-01
7.654879876291091623e-02
6.500026240021707091e-02
1.323711198877493556e-01
1.203210785721455373e-01
1.509938114018872513e-01
5.441237814650242560e-02
4.639675559492373313e-02
2.027654943490769454e-02
1.029201662001648643e-01
4.244257793584651495e-01
2.397778209502972879e-01
1.046826660388485569e-01
7.398165652532646963e-02
1.385526542883125933e-01
6.975644920981535768e-02
1.407665733909639894e-01
9.147876974291267727e-02
1.583775100817515213e-01
1.672790317716456032e-01
6.976263251308520430e-02
7.371263170904948647e-02
8.261996993942521961e-02
8.360826850938525567e-02
1.930791015962828872e-01
2.373607605753980943e-01
1.012756110631314183e-01
8.235157572173330831e-02
5.737688779838530373e-02
1.469686122881017909e-01
1.296869310888653648e-01
1.396413300721679740e-01
2.822311905773614016e-01
2.247113877096682810e-01
1.491800641879201805e-01
4.558579427288508290e-01
4.940809597693627819e-01
4.661659156619172295e-01
8.652644609348235372e-02
2.933709444256448751e-01
9.654925048200424520e-02
8.913196557788903573e-02
1.492731544694960721e-01
1.532952048378243004e-01
8.600481080293885527e-02
4.172229110305966104e-01
8.360826850938525567e-02
8.145737968035179910e-02
8.197807926844465076e-02
6.038083468176887875e-02
1.220882637396379922e-01
2.630547399976465237e-02
9.104400663322158305e-02
1.041904906843259676e-01
1.009978831897090645e-01
1.382564739980453317e-01
6.618499781842142327e-02
1.559150755524297549e-01
1.084585945914800648e-01
1.440985468858652918e-01
9.393123517709341119e-02
8.283552184812269237e-02
2.088382697306497560e-01
2.027415186600177999e-01
9.384544306951694836e-02
3.927494435514914534e-02
8.080393502320350196e-02
1.160629154250791550e-01
9.973932103043695041e-02
8.117915348291569744e-02
2.012645131684647759e-01
8.689324272013755623e-02
9.104400663322158305e-02
1.636548135335827159e-01
1.014090404653136546e-01
7.281201897174542637e-02
6.668063254506413629e-02
8.611820708713466277e-02
7.618088038442238918e-02
1.115766709125909362e-01
7.601045243088426495e-02
2.811197055042421455e-01
7.393589576962832088e-02
2.122486732975888135e-01
1.260422349156772315e-01
9.104400663322158305e-02
1.714106056681805879e-01
1.300025625590881528e-01
9.527795001062841496e-02
1.750275896109939056e-01
8.803931672248541118e-02
1.177161405958319640e-01
9.638901789167171608e-02
1.223301290522820911e-01
1.054059780008136105e-01
8.307820110461040797e-02
1.005883851876185620e-01
4.529843217021234381e-01
7.711807670040804474e-02
1.560222593945090608e-01
2.820566334783512485e-01
9.633581418069690760e-02
1.430504370542478587e-01
2.918774249183552771e-01
9.767631602923754208e-02
1.378011158313187656e-01
7.307499228426221627e-02
9.267283131306577881e-02
8.258835630455087229e-02
1.223021279397970285e-01
9.098299614483902620e-02
5.263461647144987432e-02
1.321173509678337799e-01
1.329132689154730318e-01
5.047860659072518352e-01
6.367249749294921768e-02
1.153931765241674595e-01
1.293372354552457248e-01
4.015779015038895700e-02
1.077182666640621178e-01
1.527953374668847841e-01
9.749464838798389821e-02
3.096408590290370966e-01
1.113894673706441601e-01
3.170495265518140093e-01
6.251179916260314606e-02
3.927043190012221019e-01
8.076563256475050023e-02
1.786891737027045679e-01
2.303008756954243452e-01
8.346752851417757468e-02
1.332882754197066144e-01
2.580450609104983917e-01
8.655125374917861658e-02
1.067147478002949540e-01
2.409070177127608514e-01
8.960334388397499239e-02
1.277093865099368231e-01
1.399912259906348488e-01
8.835285076024533557e-02
4.930359323423207790e-02
6.318010538314826341e-02
8.634304173799937920e-02
9.658047331173678918e-02
3.941843286570174965e-02
1.154490211787844028e-01
1.234244449746680489e-01
9.400188720868336845e-02
1.624626986140187968e-01
2.924340530691744711e-01
1.107727785943420640e-01
9.104400663322158305e-02
3.139168376341717748e-01
1.705317943108066447e-01
9.090947573999834386e-02
2.125617510322212189e-01
1.572974228914085781e-01
3.406871213716834434e-01
7.143819802007071729e-02
1.748177090638503017e-01
6.893845043695982777e-02
8.014554591574296616e-02
2.048203685194812107e-01
1.388316009008949414e-01
3.199166458448498562e-01
8.703441073269022055e-02
6.360068713147060127e-02
1.258799978095088423e-01
2.414074246415440217e-01
2.727186996110114170e-01
1.384658336595171180e-01
4.200033094881487905e-01
1.071403054805831617e-01
1.514729193622584569e-01
3.468056677566739299e-01
3.338490204553561935e-01
2.659169846745882415e-01
1.482704659537041059e-01
1.690033233982375926e-01
8.396673734546569734e-02
3.045566268170436519e-01
2.886936836590713318e-01
2.124660065286607113e-01
2.362716465756101170e-01
4.393705933101288430e-01
1.626172809189533053e-01
1.174449098901835242e-01
2.026818338116826435e-01
1.134147869724944357e-01
7.352790347983199915e-02
1.130694063190876703e-01
9.977900162097697034e-02
1.003566889266089418e-01
1.029201662001648643e-01
1.778105565076504857e-01
2.364414203754254540e-01
2.359662015451484129e-01
3.069038355749382219e-01
1.824365287077358844e-01
1.299500581730282933e-01
7.249874857841683007e-02
3.696469217440229160e-01
2.749729394304856189e-01
5.088586758103610386e-01
9.445808493340465684e-02
2.867567435103505757e-01
2.537792680671305257e-01
8.985421126547360471e-02
4.635921294031347673e-02
6.572029663634988694e-02
3.154071222769898597e-01
1.149265506471381648e-01
1.299083412157288064e-01
1.103887387701999734e-01
5.140919596710828987e-01
1.317691239752466215e-01
9.078536815515074465e-02
1.384988966328281612e-01
9.104400663322158305e-02
9.368629768235595123e-02
1.817895490738100361e-01
9.104400663322158305e-02
2.604385445449960979e-01
1.003124896187128356e-01
1.136774977428537808e-01
2.389470465642732355e-01
1.220259206113087080e-01
1.596202650280465485e-01
1.574751487376146175e-01
8.360826850938525567e-02
8.346752851417757468e-02
8.511615832302878160e-02
1.330085577060006463e-01
9.868537273199724791e-02
9.271172242234804184e-02
1.935954283649478358e-01
1.427898200649743987e-01
2.081903281366758174e-01
2.153854412827358733e-01
1.094378117749815887e-01
1.452072097690164099e-01
8.795927242952830682e-02
7.272800218741440337e-02
3.691268431221686463e-01
9.078536815515074465e-02
9.533294881335641069e-02
1.573165434767087589e-01
9.391633903495472113e-02
4.054970112227660461e-01
2.648162550096297974e-01
1.746196327071149745e-01
1.849823559917369853e-01
1.132185070100184127e-01
2.795847680707468919e-01
1.219628999333582237e-01
2.252511220281125659e-01
2.606182394324237372e-01
2.182284584153189044e-01
1.005768763054381981e-01
1.129847320175070835e-01
3.451915297293908780e-01
5.956058500490633151e-02
3.685566470246698367e-01
1.314319071702721442e-01
1.792276821086865035e-01
6.460842447769486740e-02
2.172435843636555952e-01
1.019804105456125071e-01
2.904223459528533224e-01
7.768034028119663592e-02
2.374260930648295909e-01
4.183688084893217862e-01
2.920656908262362905e-01
7.844522423914841724e-02
1.027505629698255291e-01
1.456136912725821408e-01
8.360826850938525567e-02
6.815812958747387296e-02
1.143335132418995259e-01
1.129847320175070835e-01
2.406304960357788514e-01
2.559377709398872880e-01
3.720307731222016190e-01
3.478559626167949670e-01
2.909512699307131856e-01
1.370179369044941253e-01
9.211099275273161580e-02
2.153613453971671698e-01
5.709715359571958943e-02
2.227418986535083245e-01
6.365086610665249278e-01
1.172120062404816004e-01
8.888153832162744294e-02
1.524192786519113774e-01
3.169516252647712751e-01
1.876980511409067909e-01
1.403890916331948790e-01
1.276108008707422803e-01
1.539004722685458348e-01
1.069019868437076221e-01
1.753189499038125543e-01
1.092039670048151473e-01
1.488984083074212372e-01
1.093466878156750532e-01
1.016553092152743809e-01
1.758335414774003236e-01
1.577998324513026629e-01
6.688009939532277293e-02
1.488979558050143870e-01
1.009868481156675907e-01
3.674034252803487499e-01
2.610510756360389650e-01
4.223861765744964525e-01
1.859467029440428354e-01
1.130073465638017916e-01
1.529782595550000790e-01
6.612159043357154764e-02
1.645190709094404014e-01
1.617307861212445852e-01
