1.368051354130773167e-01
2.386337849859616056e-01
4.250770415890301468e-01
8.825720101187294331e-01
8.081646684776667700e-01
4.385027338174734002e-01
5.484970755119031871e-01
6.368934446400460470e-01
7.662529053086925002e-01
7.461439589897984614e-01
2.498959502364316021e-01
4.297156861328368382e-01
6.898339652235554453e-01
8.995421097106609531e-01
2.838816297748134043e-01
5.590535246943360015e-01
4.218873115677755359e-01
2.873037802863038226e-01
8.995421097106609531e-01
3.067982746460927168e-01
5.566453561842913400e-01
1.364672290473688265e-01
8.995421097106609531e-01
2.863750506952240649e-01
1.357459562083978277e-01
2.713706145962368477e-01
4.448145646372968498e-01
1.952474012707548223e-01
2.469623797588018643e-01
2.304373969436874225e-01
2.467574798318097340e-01
9.309163314545289003e-01
7.619746225693885266e-01
2.293545567965666609e-01
3.313116391618780576e-01
3.964605999993379704e-01
6.528903280462773351e-01
2.375913930927456008e-01
4.552986338351383000e-01
9.309163314545289003e-01
7.332163057136578121e-01
4.064853896143506007e-01
1.448603501422992268e-01
1.801623489743026385e-01
1.173648458634915792e-01
1.836065878963033804e-01
2.445452157781047298e-01
3.019339917269797668e-01
3.084012723622924779e-01
3.444293209045217186e-01
5.731687830032721198e-01
2.715444948312853435e-01
2.208681166024272502e-01
2.702014937630602409e-01
2.595370866781308017e-01
9.309163314545289003e-01
5.461961068892758897e-01
4.057864828046878203e-01
5.335910198722203512e-01
2.377078624574180121e-01
5.630147193557817342e-01
5.521649437461901844e-01
6.305377826366364014e-01
2.850272388156305792e-01
5.863416496556617119e-01
9.309163314545289003e-01
4.249718691934091241e-01
1.770481161410213666e-01
3.774868187286368193e-01
3.535986862826306920e-01
9.309163314545289003e-01
3.175320798806345324e-01
2.017929068081018018e-01
3.205658100397045240e-01
4.181867357307957334e-01
2.341519409823514253e-01
3.038030755119807136e-01
9.309163314545289003e-01
6.367227496242205964e-01
4.337181044409760822e-01
3.692316852906315505e-01
9.309163314545289003e-01
2.112527166760920783e-01
6.756066378220970670e-01
1.820971883688082826e-01
9.309163314545289003e-01
7.427106838744005346e-01
3.993810551406000720e-01
6.047475432625900593e-01
3.161729573991456932e-01
4.413247219972645796e-01
3.615865291505561685e-01
2.176938362800218407e-01
2.797714510012888067e-01
3.132387682751225366e-01
9.309163314545289003e-01
3.839618315923685188e-01
4.982934950041900124e-01
2.339547232686088885e-01
6.221690506134142096e-01
1.913924284361919748e-01
8.559868874985688825e-01
5.362793041722833109e-01
2.130760818917370458e-01
2.134938993543605001e-01
4.281810294415088758e-01
2.631119861367714474e-01
5.356806793196342564e-01
3.065868105521704287e-02
4.460424064191372273e-01
1.249503025355667152e-01
9.309163314545289003e-01
3.948487932343182627e-01
6.056359691472624762e-01
3.292071713296849667e-01
2.884519673450758326e-01
2.884519673450758326e-01
9.692778032948463629e-01
3.595131122020638337e-01
2.105236296821230424e-01
5.731583310343193460e-01
2.299207031604097451e-01
2.048048920955954644e-01
1.883082979097943643e-01
1.328650213437839456e-01
9.309163314545289003e-01
1.109866325948044297e-01
3.746314132367244421e-01
1.288125888114106943e-01
4.342549915063952382e-01
3.746416207943006338e-01
4.004071314422598671e-01
2.202870513062964442e-01
3.604639261747236145e-01
2.122161933832846792e-01
5.092763395357555734e-01
4.201607373745531171e-01
9.309163314545289003e-01
6.590965060592858249e-01
1.315558827504018924e-01
1.130081486741429109e-01
2.066196520383338231e-01
7.801217637463038479e-02
4.109779901534199031e-01
9.309163314545289003e-01
3.814969872184453825e-01
2.012621880436976096e-01
1.600366649909920891e-01
5.276147477509467443e-01
9.309163314545289003e-01
4.949353130042140059e-01
2.330485832853442241e-01
4.602260656595984489e-01
9.309163314545289003e-01
3.689250716080861303e-01
1.880200778478079982e-01
3.014613439646363635e-01
2.031288531463451563e-01
3.910815931592542261e-01
5.426208801633112255e-01
9.309163314545289003e-01
2.346030304722875326e-01
1.271952578470767203e-01
9.008061670231672091e-02
3.000263761698954701e-01
8.192589923707177535e-01
5.966117127132501974e-01
2.173339308785474933e-01
4.097109954922312225e-01
3.924398593984140260e-01
9.309163314545289003e-01
2.924135378287198161e-01
8.395317649981871577e-01
7.150978804767337271e-01
1.877292227246136758e-01
3.556717371872921696e-01
6.646858951806591254e-01
9.309163314545289003e-01
6.343850091069047625e-01
8.303495116511513952e-02
8.742710439159731561e-02
3.175101441156699678e-01
3.123924898517944637e-01
9.309163314545289003e-01
6.858010374431560141e-01
1.849819795258706157e-01
7.427637246525383707e-01
5.076067774715398162e-01
1.641561620174734892e-01
3.756340210970438576e-01
3.535088368130528402e-01
5.195675000813979594e-01
9.309163314545289003e-01
1.000756498451757515e-01
2.881323714823941229e-01
3.378096458945565317e-01
5.148368940946745909e-01
9.087356478179400288e-01
5.781046381879975105e-01
9.309163314545289003e-01
4.304598096331055390e-01
1.925290664153726794e-01
5.024758788759657868e-01
2.002935462796054944e-01
4.168383140933789033e-01
4.250843314706154175e-01
8.822267685101633505e-01
5.908081473196080680e-01
2.536808265234073434e-01
3.355928383852069263e-01
1.954518531323317376e-01
4.998770216177565451e-01
3.467131887937521251e-01
2.800572718479448220e-01
3.451016873186806833e-01
1.777996475831542245e-01
6.321429167119617387e-02
3.893396400378422717e-01
1.307743488789477604e-01
3.788380109617014990e-01
2.951311042349041291e-01
3.370081423544403210e-01
7.687368824352641683e-02
1.599786007604699356e-01
5.307334055960737790e-02
2.249189540048024405e-01
2.670851685808972031e-01
2.522758694860355866e-01
1.757093383863516656e-01
7.028301367380491993e-02
5.570869710864033708e-01
1.910671240214204258e-01
1.460929347540105561e-01
1.756844108802499693e-01
1.773290794747466870e-01
1.816799564490201302e-01
2.653377595009163148e-01
1.780928534455215595e-01
7.600483333575019929e-01
3.920581692125418849e-01
1.317682088264890417e-01
1.821502413446224877e-01
6.492039435177764384e-01
1.881531285818059118e-01
5.869595986359076312e-01
4.588299936259838674e-01
3.296590208652709353e-01
1.395629749988465673e-01
1.781610593294161160e-01
2.673038035883135155e-01
9.443538056822784466e-01
5.862243021408958255e-01
2.619805396305660561e-01
6.277482542276301425e-01
1.062867355288711763e-01
8.597342095296133246e-01
2.930125287469663720e-01
2.839360906251833794e-01
2.849079604583337200e-01
2.359498260652196922e-01
1.970262975180335496e-01
2.907004599751757401e-01
2.335772133917514981e-01
3.705189038544126623e-01
3.345245392753887215e-01
4.208458372188690899e-01
5.314572369228215409e-01
1.123824812867728756e-01
5.557206132948913080e-01
2.789544197028616113e-01
1.805047616811988054e-01
5.681664372899887239e-01
3.836508343819616251e-01
3.110572603315788220e-01
8.205861402967347118e-01
1.433255403099133740e-01
3.209750862201745658e-01
1.198766910699080174e-01
1.286574811464385459e-01
2.698701353716150830e-01
1.302223292923674058e-01
1.255193693135467914e-01
3.463702272196198667e-02
2.588169117350666015e-01
2.115671119782434328e-01
5.317343887894041554e-01
6.737936856027417765e-01
1.835028070987732574e-01
2.479481674251603485e-01
2.519718727389528290e-01
3.110039953925242129e-01
9.008738477583466686e-02
3.270954768857915473e-01
1.161530122265759385e-01
4.438105974786198948e-01
1.580979710369717073e-01
4.710365183860827365e-01
4.439973781128856989e-01
9.332184674414664149e-01
9.332184674414664149e-01
7.584580849728955743e-01
2.354293074369568639e-01
1.391537321608262712e-01
4.023363754916353119e-01
3.126676463840862841e-01
1.820806541026905312e-01
1.754947188266943181e-01
8.257431646022556082e-01
6.664756501497921537e-01
2.760570474834812549e-01
1.317580107433211634e-01
3.662528393612213273e-01
3.271416781621617198e-01
2.942958529133957724e-01
3.507610467684733613e-01
2.430337532398457456e-01
1.236149864244349972e-01
2.215452748735021737e-01
1.452962722495628467e-01
3.579775438531231369e-01
3.768473435136011074e-01
5.201235511789239485e-01
6.220571225490751921e-01
3.237603448525655514e-01
5.720350981503287136e-01
3.039696533042267057e-01
5.217007229950892944e-01
6.073067617824109421e-01
9.153587603348418977e-02
4.905427960029494217e-01
4.774680242017392273e-01
4.431950148337592266e-01
2.287819006384853304e-01
3.670096916384010255e-01
4.345946481919210624e-01
2.498724104480939678e-01
4.914859233927393878e-01
6.880981996041837800e-02
2.789239525177714674e-01
2.373771832911378832e-01
2.560133674941804660e-01
1.050651859070917682e-01
2.103748339452991556e-01
2.025946142088178026e-01
1.619531560312909013e-01
6.141832098274528917e-01
1.335576247839397324e-01
2.602049488577643510e-01
9.150598478343113795e-01
1.957160966004495850e-01
6.414639510590094407e-01
9.150598478343113795e-01
1.830202926367784366e-01
2.045230666040482037e-01
5.733057554703802072e-01
5.553596792761025247e-01
2.639873944022441132e-01
1.372988297244099321e-01
3.031832970215149747e-01
1.914222926430099170e-01
2.385629854903945635e-01
2.799258305884848586e-01
7.551068019551069321e-01
1.897546051594036776e-01
2.560125391849212839e-01
5.991065215909920916e-01
4.091456896302231860e-01
1.861882719492649052e-01
3.772906360082419752e-01
3.772906360082419752e-01
2.467558130551587570e-01
1.445105200493791431e-01
1.595055097397812816e-01
2.006186823422241861e-01
2.217646945017213156e-01
4.652031621169968045e-01
1.664082072899156772e-01
4.746822257549153101e-01
1.642939503848338256e-01
3.902851472442624425e-01
2.978004142952234146e-01
4.582855104008193847e-01
2.884519673450758326e-01
9.150598478343113795e-01
2.394570559900763562e-01
5.272897603125070720e-01
9.687535241981638789e-02
1.999593592167138445e-01
4.448896814339395323e-01
5.983296185538347078e-01
9.332184674414664149e-01
1.463944165744280601e-01
2.890882017882931421e-01
9.150598478343113795e-01
3.257588458368000373e-01
9.332184674414664149e-01
4.850535169511283606e-01
2.682318869509181525e-01
5.555193783393292950e-01
2.180165910998029810e-01
9.332184674414664149e-01
3.189241629802826994e-01
1.122233873708279733e-01
1.003440935053103861e-01
2.327384550565353705e-01
2.337436350031714405e-01
3.210571683922425756e-01
3.236066316677144172e-01
4.258784154906673503e-01
4.182429554660822557e-01
5.710588517897733363e-01
4.038383749393990585e-01
1.935453693668115760e-01
1.935453693668115760e-01
2.561729448687097288e-01
1.327022350040093224e-01
7.115316425101665399e-01
2.521125801030041358e-01
1.924925007552600320e-01
1.364608688122071478e-01
1.169657673146351773e-01
6.069978404490767865e-01
6.511065873313669483e-01
4.173240567936726264e-01
2.321613914647612520e-01
3.644051905893627707e-01
2.327384550565353705e-01
4.145464114277602752e-01
4.291720529483396551e-01
1.568167665424674562e-01
9.296095457747867163e-01
7.070349093203869284e-01
4.437350920054940889e-02
2.988887954021344218e-01
6.842068635631756712e-02
3.792905903834000725e-01
2.093397266227395304e-01
1.076964146121975746e-01
1.793894553016067428e-01
3.220444722704686735e-01
2.082199849799837021e-01
4.978299733346767675e-01
1.817268718613146150e-01
1.073744741707449296e-01
6.561105309496670923e-01
2.729096243041478909e-01
3.616533959930456898e-01
6.504523900365140054e-01
4.952988015402862154e-01
6.459797290430290273e-01
1.324253072097109629e-01
3.225288357046390830e-01
3.991294969713011787e-01
3.085190834307049990e-01
1.811408591156736525e-01
5.902727853002004421e-01
5.042540792050477227e-01
3.639748894083915665e-01
4.938797062759404111e-01
2.714748015016850702e-01
6.636253739009990993e-02
1.817268718613146150e-01
1.260568394456278440e-01
7.510036250268076197e-01
1.452648033827103058e-01
4.256972170480026185e-01
3.433927010299450688e-01
3.835362462001858930e-01
5.031443876781607205e-01
4.847379101593452672e-02
3.753441557278151541e-01
2.832168462894025796e-01
2.121228735690927625e-01
2.014327591257878414e-01
2.480716777932195638e-01
5.809474748980794079e-01
1.942803213768800052e-01
2.439927974466887528e-01
2.719026363284584580e-01
5.028924474081095664e-01
2.731734215503208163e-01
5.139638887658903865e-01
1.543056649399650593e-01
1.901529676528448398e-01
6.512524683547060711e-01
6.350679316221983228e-01
4.361759995202810769e-01
3.106680838557950852e-01
1.928145218998597032e-01
3.986175913623244971e-01
8.979939022777051472e-01
1.298511036619309500e-01
1.130386369914627431e-01
4.559674353009618430e-01
2.039227209578844957e-01
1.557816999496325350e-01
8.662567848832365691e-02
1.109117651172914498e-01
1.859024105843121721e-01
2.470471094711982063e-01
7.491273219580650844e-01
1.354036468663812331e-01
2.598870743167321917e-01
5.882439418355783767e-01
6.394863889553925596e-01
2.087016928260822246e-01
2.891063761062624970e-01
5.349557220875252872e-01
4.939835778504474972e-01
1.525663705305413953e-01
4.760689210196815124e-01
3.535042511296616619e-01
1.007667571346824859e-01
4.267149892940992617e-02
1.729035215564284633e-01
2.434744133250150155e-01
2.153111443625356225e-01
1.623786264712901717e-01
1.200365057248794914e-01
1.732400698400673178e-01
4.399791329989992672e-01
3.630649518911767681e-01
5.376206717735146912e-01
7.462295325713695915e-01
2.382975211932608917e-01
1.028152352924324997e-01
3.226890916638271434e-01
7.392356281675938057e-02
3.350309122562359909e-01
1.902038918298589731e-01
2.694510845767175145e-01
2.330051796961000177e-01
1.976173588206487086e-01
3.400331238974929060e-01
1.822704661569463647e-01
1.700782636335637921e-01
2.888034691907888640e-01
2.319942226080634884e-01
1.276480963180950112e-01
3.910198454443304383e-01
1.812241882354649336e-01
2.129396730564665496e-01
2.548979810420116121e-01
1.693140847536886706e-01
1.925157211174267080e-01
4.745133685531658929e-01
2.444849281643357020e-01
1.636654811176390112e-01
1.432968650944749511e-01
2.455226727344746174e-01
1.432968650944749511e-01
3.639181419486155478e-01
2.496707891025602422e-01
4.170716219119139923e-01
6.337670145080844808e-01
9.740762145157096097e-02
9.256857603683990021e-01
4.258531138146650075e-01
2.036748582530995000e-01
2.281551172054089305e-01
3.903832550656262113e-01
1.098280305574006327e-01
5.183701421756804761e-02
4.529914064586510469e-01
3.661725032167120752e-01
2.466972581486945038e-01
3.522331399092925031e-01
1.166597865526154826e-01
9.713027963968637879e-01
2.886533659119681627e-01
3.195625324437971759e-01
3.962877772236048091e-01
1.801840914192112120e-01
3.472148458101381729e-01
6.777276245184860048e-01
1.890285138733833747e-01
7.242148123069696020e-01
7.016271844268711089e-01
2.153147033031819479e-01
2.152490543844945148e-01
3.371978594258837059e-01
3.661174907983885674e-01
5.551073846752567764e-01
6.451203244463696862e-01
2.109003306377334463e-01
6.059542396666973696e-01
2.669649000192747534e-01
1.573019393611606032e-01
3.071252252817093242e-01
2.278809327115856875e-01
6.963366478470599530e-01
3.674694855344520783e-01
1.570287137362130769e-01
1.531699683687233748e-01
2.961568014261922177e-01
6.544578029043911505e-01
1.067052786276723453e-01
8.914160990419955910e-01
2.004401969214370527e-01
1.336830427798573195e-01
4.588320355008498330e-01
2.700615684402072891e-01
3.160948105400080421e-01
2.181057574201833993e-01
2.458713024602236785e-01
4.324766174056498547e-01
4.236248945234319385e-01
6.804705541975659688e-01
6.804705541975659688e-01
1.466766579847648133e-01
3.127402033720492192e-01
5.253817174487288577e-01
1.920202154175373876e-01
4.333181591981796754e-01
2.734025592561118989e-01
3.757426567088708591e-01
6.804705541975659688e-01
6.804705541975659688e-01
4.509736831698307191e-01
3.562993273041256126e-01
4.003881001834222464e-01
4.201878207759578432e-01
1.255803555888894696e-01
3.199738663347694301e-01
3.695990933479375573e-01
7.998068848027118927e-01
9.558623790752206473e-01
2.884519673450758326e-01
2.884519673450758326e-01
3.397004726937629671e-01
1.102233448898713442e-01
6.152314583674863835e-01
2.776055899794908632e-01
4.769231384891344239e-01
1.894635159693415505e-01
2.198638635529983620e-01
6.306485095606512159e-02
7.451242639444481675e-02
5.397055196807115651e-01
1.712217067783211588e-01
3.677228579291274002e-01
1.217330051377265160e-01
2.121913395057130058e-01
2.829287652337079684e-01
4.692555042851383473e-01
4.769231384891344239e-01
2.219326241966883273e-01
1.213460860086446741e-01
1.885710865229176803e-01
3.652386018655737754e-01
3.337346903542438570e-01
3.869721242022945984e-01
2.871531557995347095e-01
2.789324116739112513e-01
5.462513805570351488e-01
5.459806016950264906e-01
6.541546268399099917e-01
6.090771142992341680e-01
3.757426567088708591e-01
3.637120143949884032e-01
1.827431980339807582e-01
2.421290887439703776e-01
4.772580534825399678e-01
1.134241119197328257e-01
5.337216169929646092e-01
8.544984237344699363e-01
4.430773127362618857e-01
2.030243226645597199e-01
2.827116308184402516e-01
5.588774406449186216e-01
6.477070742596329200e-01
1.712217067783211588e-01
6.937112735831882926e-01
2.961207525924400841e-01
3.924699851039291087e-01
1.680461016262469465e-01
2.033552052215047423e-01
8.287616322442999117e-02
3.613777397385530832e-01
3.463029644435741683e-01
1.394234513252769758e-01
1.336906085507115483e-01
1.899700489217173716e-01
5.527782004703829521e-01
3.910794180281783050e-01
4.197309443893950665e-01
4.458445706239108630e-01
2.692320425905581627e-01
2.740528218905868285e-01
1.379970571329210416e-01
5.914057982302799443e-01
3.108976570755355162e-01
4.734987824195787121e-01
1.819805638168029982e-01
5.011963310887729284e-01
6.260211282487796458e-01
4.290723374305846494e-01
7.827091113035314907e-01
3.390209604717161485e-01
7.127395324747571870e-01
5.677091179567661516e-01
1.345030133371591108e-01
3.977287509847430846e-01
2.269255477859241088e-01
2.328182924293812905e-01
5.722682145918073227e-01
7.941273126852693709e-01
7.006514620361563583e-01
4.742701811370053644e-01
2.363231524963494423e-01
8.348398072494741529e-01
3.480572958389741012e-01
5.333389785940305661e-01
3.604414468095142876e-01
1.016730894965986731e-01
2.470471094711982063e-01
3.200332857601627667e-01
1.948331043659542183e-01
1.105913165657352731e-01
3.108146400044516922e-01
5.015463040388118410e-01
1.374283973817344573e-01
3.185906555163961484e-01
1.357685826892408298e-01
6.966452225125470132e-01
4.470943914046170420e-01
6.385130565264355296e-01
2.946303857749018040e-01
1.314069050363123881e-01
4.780093773001600765e-01
3.414468339992144941e-01
1.559129277418676851e-01
5.978130931946143978e-01
2.703862564918884659e-01
1.694966792145715662e-01
6.803774517088390095e-01
3.150667666039660975e-01
5.427297339171557322e-01
5.036095573497960665e-01
1.425430603421681819e-01
2.541805695164268131e-01
1.519018568802986413e-01
2.078485859435173777e-01
2.648802866176745985e-01
3.028348714787605367e-01
2.499323823239427700e-01
4.501859780205563766e-01
3.478285545826299563e-01
4.302942202153172691e-01
6.249241755575711821e-01
6.214077876261960842e-01
3.149906448365933365e-01
6.870536231708422592e-02
1.599218054010454193e-01
2.073525656246854587e-01
2.792714825851968508e-01
4.145082671752980952e-01
3.274401476949915790e-01
2.050968842581384899e-01
5.934830109986829472e-01
3.666839259271948426e-01
1.576486737210007205e-01
5.690786473792103228e-01
6.283729742958096276e-01
7.139932619658222457e-01
2.946622455462069579e-01
7.700143583918662715e-01
9.421546329733367087e-02
5.731671450353928998e-01
4.804345442725562187e-01
3.706009325492605755e-01
7.796972424703813020e-01
2.026305626080522060e-01
2.278341942642733986e-01
5.718811204740014142e-01
1.409504205253248044e-01
1.302009531905716500e-01
1.691044819649230313e-01
6.712635382880719481e-01
3.647772361242288541e-01
6.143328338772161556e-01
3.455443284880085897e-02
3.542464487161109954e-01
5.069382508583738511e-01
2.435877535012883066e-01
1.380581622066229530e-01
7.028087154324652586e-01
1.401400568949643377e-01
2.917293300554633095e-01
5.991010703201226084e-01
4.067382620589675701e-01
2.298226365621379164e-01
6.273391743707206203e-01
5.210863694882534453e-02
2.444208983093071885e-01
2.751976596841044787e-01
4.070642636537726011e-02
2.464384979219495231e-01
1.967478397112979172e-01
3.207649943983131857e-01
4.307962013671118862e-01
4.421760698163755832e-01
1.611748770065309644e-01
3.067673481336029018e-01
4.138284497592920608e-01
4.325607229939639753e-01
2.482450417423618105e-01
1.038912892800086668e-01
1.302009531905716500e-01
7.147100088302456022e-01
3.084212832513189007e-01
3.048899400461337894e-01
1.165210639640862217e-01
3.645480653838929497e-01
2.873749197483342344e-01
1.258465010088936076e-01
1.215304424605761630e-01
2.969667405202037341e-02
1.521321409980123385e-01
1.545809140988888830e-01
2.300333717402453515e-01
4.223867820091835035e-01
3.626565712831573696e-01
6.729337038977807328e-01
2.884519673450758326e-01
6.429978583500406408e-01
1.126166652220166736e-01
4.625231608611845568e-01
3.368498226811023066e-01
2.757979105789274410e-01
6.429978583500406408e-01
2.135895636857919611e-01
6.123097534216702664e-01
6.121010794461009263e-01
5.087615303432133640e-01
7.098857080265672526e-01
5.952100646521033545e-01
3.849310734913313214e-01
9.047816671846317105e-01
5.993699601412694200e-01
3.896500573806109258e-01
6.411570663606932508e-01
3.978482715939113956e-01
2.814848127349923734e-01
1.766349159339786201e-01
2.222857576156354320e-01
3.503241153607454805e-01
5.414760695734666118e-01
6.192424907870774931e-01
7.374731066870549023e-01
6.208641327422986800e-01
4.344440237993240639e-01
2.143260124950433776e-01
2.815728321671709944e-01
4.628310405983544484e-01
2.998386087469119832e-01
2.644296454305747335e-01
5.634337831608631220e-01
3.739343490050707208e-01
2.074935499851654486e-01
2.377033358202952362e-01
1.438010165596672607e-01
1.971153913411576308e-01
7.476342640842429388e-01
2.853530825031775908e-01
6.745254358328511834e-01
7.729339136712420899e-02
1.529583719985588841e-01
1.379777117257797447e-01
2.750556844420192215e-01
1.776507665296789551e-01
3.329086776570095441e-01
7.691916584630270615e-01
2.928373761129674513e-01
1.251384601304066091e-01
2.805549336728578314e-01
1.254568536662176992e-01
2.835346013725203451e-01
4.086144112035637876e-01
2.310685852224446390e-01
3.308136488175353884e-01
6.919081458159977993e-01
2.604267421099747959e-01
1.455786762229831499e-01
2.252703146979632143e-01
2.774174173781536745e-01
6.982709473133761335e-01
2.659512955353314778e-01
5.204358175224658156e-01
4.474341101466725035e-01
1.291720880047530495e-01
2.620846996559385023e-01
2.221809498406282224e-01
9.384198880935235021e-01
3.365176456192007226e-01
2.891477498491614173e-01
2.272052923877723452e-01
1.735271612200481595e-01
1.822174807719001421e-01
3.613365429474291179e-01
4.305616685208015770e-01
7.936531262393113906e-01
2.624182889057767309e-01
8.326910090603318881e-01
3.508810432218619768e-01
4.486268058292522398e-01
2.956645720426616109e-01
5.158910180477769281e-01
1.492122035217977594e-01
1.955255951845463747e-01
3.347711729356734889e-01
1.865430399049606836e-01
7.558047755105241627e-01
1.705302439873382925e-01
1.129970377456015473e-01
1.603190211143770416e-01
3.740318154045361165e-01
2.652805405339439537e-01
1.326022175872242359e-01
3.191683952983603162e-02
3.095311106122591860e-01
3.530672036146862425e-01
2.237492615343661673e-01
3.443757011395804923e-01
3.981015855334429920e-01
1.543503549412285070e-01
3.773050460012096208e-01
2.002975289044554852e-01
2.233650800829217187e-01
2.165898185163492029e-01
1.782989064634511456e-01
3.554128560303623785e-01
2.276857528117057772e-01
6.173357174881684006e-01
3.191828086438370238e-01
2.356810262542497203e-01
5.004457002531217391e-01
6.618766891642157146e-01
2.632693215524134489e-01
2.470480334680827672e-01
7.116712957967448183e-01
2.136289899414880178e-01
3.717319915453185519e-01
7.404387502955467326e-01
9.848481210146328713e-02
6.194404586584227879e-01
2.253223222839307316e-01
4.476320216362386084e-01
1.930570641690653733e-01
4.101918491156718583e-01
6.314663100355504266e-01
3.260639219088159457e-01
6.880053762701809905e-01
4.914257914501093949e-01
1.320266022340015333e-01
2.748869316336653434e-01
2.884519673450758326e-01
4.141242277228430746e-01
1.831670065952892001e-01
3.438034100304806495e-01
6.480192505051854956e-01
4.796089840413800265e-01
3.689096214786903860e-01
2.663122831754369813e-01
5.034032627721063413e-01
4.554405990138181148e-01
3.937561612676922507e-01
2.676935815825607912e-01
6.192809645628042370e-01
5.240281367511376853e-01
2.442684427255639446e-01
5.967486053431593218e-01
4.423659181694986620e-01
2.299278521489490357e-01
2.127438596039352148e-01
3.597100726805779747e-01
3.450356980974912391e-01
2.819422958070808560e-01
7.754349785212962809e-01
2.843553282431069973e-01
2.347478814026162652e-01
3.154049729777201327e-01
1.738816155974681199e-01
7.271501025238490401e-01
2.497659057093823964e-01
5.080048917937601827e-01
6.569817266201886108e-01
4.677074180507347356e-01
5.446530775169445837e-01
2.438574322982582920e-01
1.851478297720206279e-01
2.698053391631558551e-01
5.649042593302601167e-01
4.018355603069953541e-01
4.304485302412559000e-01
8.918213007201032383e-01
4.110442449898826789e-01
6.484021715623308202e-01
3.897319179332330297e-01
1.280558315936947966e-01
5.144314410779187163e-01
3.133750101269500710e-01
7.900690070745139959e-01
2.964877303262211661e-01
5.005212111838616140e-01
4.270287834673962002e-01
3.191192176450464713e-01
1.817268718613146150e-01
3.442603705545566606e-01
2.343049950608546983e-01
1.734304620839163535e-01
4.231746239715329927e-01
4.162200581412843770e-01
5.411002392622307200e-01
6.510244826366987092e-02
1.804015716122583379e-01
2.508796380703950946e-01
2.411470740345767472e-01
5.302540730337660380e-01
2.268876252372733493e-01
2.754779749544981060e-01
2.105243934428878416e-01
4.185953419933032271e-01
2.222939624547585757e-01
2.819422958070808560e-01
2.470471094711982063e-01
5.005341985808391403e-01
3.505910180149907074e-01
3.533205933197626214e-01
1.887464751987122380e-01
1.605997889677852064e-01
1.560011344797387067e-01
3.999502230505532219e-01
3.002329237062932310e-01
9.573542028609550725e-01
1.821502413446224877e-01
1.825969225630945103e-01
1.448757369334843226e-01
7.684952595807048592e-01
4.351098196793946049e-01
6.831493853753475287e-01
6.831493853753475287e-01
1.362231896537729747e-01
6.008494044999846961e-01
3.234961889849027883e-01
1.867815806828729830e-01
2.596306647152580860e-01
6.355607129314676529e-01
3.116230294755190644e-01
7.308200747663473607e-02
7.228803529933713889e-01
2.447834646779194212e-01
8.229097739579971371e-01
7.950550545506178679e-01
5.734540762481789011e-01
7.862954830825351626e-01
4.604097386716917706e-01
1.445416252391684697e-01
5.730433041011046003e-01
2.233333198421585120e-01
2.746328450747073102e-01
3.675218164586122604e-01
2.000048735673103373e-01
6.048008572655674264e-01
5.365630579246638554e-01
2.125556914535347008e-01
2.327175896962839496e-01
2.222700416723076000e-01
2.626170394290621157e-01
5.072665648924870041e-01
2.107385387198640325e-01
2.937782598313549154e-01
9.067288343252031257e-01
4.784639882433909808e-01
7.549820631824523398e-02
1.393534507648560294e-01
2.418064077042703097e-01
4.047417179978888835e-01
2.776878013732149708e-01
1.580524112849250318e-01
2.832041173484405872e-01
3.983952709118521729e-01
5.726503832036285990e-01
3.614346417356578689e-01
7.537225152009491280e-01
5.140274638686490594e-01
2.561197877620782770e-01
2.414773180958915411e-01
3.921198483217646080e-01
2.268534527451905869e-01
1.450584411294433551e-01
7.204906086184104108e-01
4.883662311805269662e-01
4.883662311805269662e-01
7.537225152009491280e-01
4.874918164267789122e-01
2.918307788284941751e-01
2.548724431794603396e-01
2.826160485813624113e-01
7.228081355188622492e-01
7.143611905781445393e-02
3.260431516147321851e-01
2.069266510156186900e-01
3.122002490102134264e-01
2.546400663839245015e-01
1.486531646172614407e-01
2.658431958050087585e-01
3.588011615868152981e-01
4.673897751022808023e-01
2.338013139993823930e-01
3.248405829181056359e-01
2.674675404865610173e-01
5.693595456497153595e-01
3.909536461523600570e-01
4.838466932011374899e-01
9.124695789492393017e-01
4.163489638727964626e-01
2.055439239807357599e-01
2.489648910895434220e-01
2.743005757779457543e-01
2.658295766201773103e-01
7.528890471052071542e-02
6.088328440744724679e-01
1.209339564990968147e-01
2.437625258208185874e-01
1.655408598052677260e-01
9.439944743228071422e-01
1.390096462411566924e-01
4.229899984837993121e-01
1.304133690343599050e-01
3.832285419060165177e-01
1.447770589145265796e-01
6.559509925403794739e-01
6.275491668912859256e-01
2.677984255404758929e-01
2.221809498406282224e-01
1.438609352707389266e-01
3.754089680828802678e-01
2.109900786815155638e-01
4.888438615077092542e-01
5.072528484751898104e-01
1.825585984627499103e-01
1.602336244482317484e-01
2.508796380703950946e-01
7.969512384549768402e-01
3.602015287029347590e-01
4.527585554404017776e-01
4.495944075877296719e-01
5.107264768636768926e-01
2.790293353432485857e-01
4.024187727915964352e-01
1.980655263746001205e-01
1.555493460319191112e-01
3.195609849229675281e-01
1.609362705061225529e-01
6.666253625543865358e-01
7.129074791390686838e-02
1.983516537852706429e-01
3.165663113156487740e-01
2.642999758693073131e-01
3.430579821622476988e-01
2.819422958070808560e-01
1.930570641690653733e-01
7.300670770894924777e-01
3.205428468656610352e-01
5.654948537704668210e-01
2.950416033461120691e-01
7.801415081843205979e-01
2.232770074440723895e-01
1.284556183870575463e-01
3.419671640309772109e-01
8.305675783797601686e-02
4.042936163817230089e-01
5.494014319937778890e-02
1.022756441048610909e-01
3.045459949935162558e-01
8.951960633299220482e-02
1.980655263746001205e-01
4.329284970314983827e-01
4.828176832959591991e-01
1.900631925668600786e-01
3.192948746216636713e-01
2.492503305804840696e-01
3.238044425573958218e-01
3.049837884306895175e-01
5.180052978879670089e-01
4.697494353085723273e-01
3.667317735385408062e-01
2.681060318051515790e-01
3.597623592337190201e-01
5.806969604771247129e-01
3.391862320496184524e-01
5.060749315559450734e-01
2.907496522109093706e-01
5.800776300379744121e-01
1.469280342633215164e-01
4.360978278046074297e-01
4.291176736894279919e-01
3.855734657918366559e-02
2.308832627197110188e-01
5.252794932977285919e-02
1.665971857006194878e-01
4.185953419933032271e-01
3.065712020325765952e-01
1.345182869740327858e-01
5.485359319267442135e-01
5.507177663083983044e-01
4.147419673542699914e-01
2.357098015092710663e-01
5.608797800597679073e-01
4.472782608520698422e-01
2.729541713844272910e-01
1.666467418049435434e-01
1.803795287871042263e-01
4.634698945647239832e-01
4.613324403305441024e-01
1.524743610862495380e-01
4.940009042043890242e-01
5.149073225625314665e-01
6.291675842230386451e-01
7.350596755280078831e-01
1.870071800464083167e-01
4.553078936258112552e-01
6.625832164018033987e-01
3.210936991825868447e-01
4.360836215654935732e-01
7.829917879154295601e-01
9.787443964991294765e-01
5.932647871955697427e-01
1.161554168400483061e-01
1.161554168400483061e-01
6.455963157526549701e-01
2.239342788128228234e-01
2.085610475351740434e-01
9.571133787048091701e-02
2.220643661610710307e-01
6.369356075498427971e-01
3.588384951179452997e-01
8.316072249060226795e-01
9.392643128253744811e-01
2.346084373600662298e-01
5.613671967126483003e-02
3.618140235344709521e-01
9.242359586347050904e-01
6.799549248758790521e-01
2.278528524073829553e-01
2.757980449844433801e-01
4.842677468623537984e-01
6.669600703604161573e-01
5.606966030480902141e-01
2.365676636416858547e-01
8.177875317814744527e-01
6.753186895757237185e-01
7.938936014212165659e-01
5.411577525132850175e-01
4.329706286778056690e-02
4.455509887864654850e-01
3.187706837664140980e-01
4.412142879278039831e-01
7.129074791390686838e-02
2.631913996158792290e-01
2.453075002166767160e-01
3.487525196007634776e-01
3.488502382318581230e-01
4.008380343714395555e-01
2.185681281189914837e-01
4.843976223185262886e-01
2.076959392079116284e-01
6.311481265991909506e-01
6.826107573633297676e-01
1.378121942388331189e-01
2.703693192614702312e-01
4.641555446616456027e-01
4.393360445255725111e-01
2.568284763678885252e-01
1.725721150288541395e-01
2.896546977864816741e-01
8.862937607087878478e-01
7.942510046295077342e-02
2.295627021942468482e-01
3.804789725623776708e-01
4.280656128526315052e-01
6.623651382811783783e-01
4.504099957774013174e-01
6.653505531346499691e-01
1.734151750606149067e-01
9.445250729335245843e-02
4.302996997617477004e-01
1.692070564012125022e-01
4.415759675925557959e-01
4.191641021196694794e-01
2.242522678730445584e-01
5.651528593523234001e-01
2.046480867174686469e-01
3.020222546021030241e-01
1.712400973255873149e-01
5.772150942520690720e-01
2.058526441627963333e-01
1.897093938803041391e-01
1.544779535891404598e-01
1.740226416095088657e-01
9.445250729335245843e-02
3.138805692426274163e-01
5.033558249813709917e-01
1.161554168400483061e-01
1.249357850306817147e-01
6.215225330866875897e-01
2.599356612180827586e-01
8.044529492845461371e-01
6.901822475343586394e-01
1.477189743530193389e-01
2.464948991440862325e-01
1.682056074131638712e-01
3.166119236328607811e-01
2.046480867174686469e-01
4.538716581817978102e-01
1.211379211679924489e-01
4.212609533126221995e-01
6.621886660065090524e-01
5.613671967126483003e-02
1.822712617943259283e-01
9.445250729335245843e-02
2.686524332424046757e-01
3.127688243499905374e-01
4.575742567859953508e-02
6.733153718350020078e-01
2.179221720310872690e-01
9.121187769219953057e-02
1.823320662570984130e-01
6.615080987884519592e-01
2.814631643876304157e-01
5.613671967126483003e-02
2.832782288502762591e-01
6.582215224928065211e-01
2.031327417627555032e-01
6.931418410644533123e-01
9.445250729335245843e-02
5.896444756371780338e-01
2.623812160464198961e-01
3.272024186097338139e-01
5.759464092669343005e-01
5.613671967126483003e-02
1.797810712040272818e-01
2.046480867174686469e-01
2.393864523601112182e-01
2.375979545379789531e-02
1.533862682474741168e-01
3.208319539114268815e-01
4.741141705212290614e-01
6.659786772794324961e-01
3.376547268092598975e-01
1.975594507389079602e-01
4.492431150065721579e-01
9.930766129671300679e-02
1.997736198650731931e-01
9.445250729335245843e-02
3.720841167229635982e-01
4.487823937854961698e-01
2.575363737168333000e-01
3.458027905966156168e-01
3.911948331058029971e-01
2.461515464338872861e-01
2.271397203869234549e-01
2.523373567057708433e-01
3.978057836191017382e-01
2.398877631650846443e-01
2.026541070422940016e-01
2.345730127959667899e-01
2.677256429427883333e-01
6.342371326810760657e-01
6.612073240534223073e-01
2.217197896669687585e-01
6.980508006914631913e-01
2.727899863631088606e-01
2.186987611674302556e-01
3.910774907308010861e-02
3.207105876973385117e-01
9.884328938126560882e-01
2.699133924609472546e-01
2.884519673450758326e-01
7.202076458310807672e-01
1.482094411030608905e-01
3.233398249923580825e-01
5.602339462607622833e-01
9.447697227055495972e-01
4.050484358003807461e-01
5.107054015305401151e-01
3.923948061997035164e-01
7.815291734691055536e-01
4.001703919477637150e-01
5.718377491894074405e-01
1.999615431124583953e-01
2.961367896504592534e-01
1.513206518398590439e-01
6.116006015422041919e-01
1.151309399429830682e-01
6.710317599268602606e-01
1.992208644936714901e-01
1.915444911389412863e-01
3.624585468077979322e-01
2.147785983855694802e-01
4.084161524374911312e-01
9.457071301915580264e-02
1.791316933585566651e-01
1.482094411030608905e-01
8.132944310052168113e-01
2.927703200549538476e-01
3.040596638622254932e-01
6.871057883234700236e-01
2.680295949939718314e-01
8.081421715465718636e-01
2.751705028814045439e-01
2.315186485877114564e-01
6.675379592370441761e-01
1.100694872340688135e-01
6.201212107593975231e-01
3.920036774249212597e-01
9.236886432355666254e-02
2.101144562168521246e-01
5.403433438666552929e-02
5.667941336196783420e-01
3.306467999120406565e-01
5.161338265222636945e-01
2.868554773188715101e-01
4.269999263060252903e-01
3.467096516144690943e-01
6.792141318768429858e-01
3.836335719613655493e-01
7.856121631604355837e-01
2.239315935394633195e-01
3.329723160285790740e-01
4.095694889803013772e-01
4.049013269034218432e-01
5.492971475811305737e-01
3.403348230974649336e-01
9.001576711449565948e-01
